1211212211022110211011002
112220222110021022
001222102021212
10100210111
220112221122000
00221220000102101021
001202020121022000
2211112012002122211221
120020222100120
000211121101
101012111112
10002201000120
2222120
1222112
111021211220
00000000000000000000000000000000000000000000000000000000000000000000000
2202021
0220200111120
20212012120120
0112012221222210022020120
22010100200210101
002110220000212021022221
1001222002102221201010221
10010110012
1101001
0000
002000012001220101200
1001121121
000000000000000000000000000000000000000000000000000000000000000000
0000000000000000000000000000000000000000000
122102
12221
0000000000000000000000000000000000000
210002022022221
02021022
0210111111112
012210002211221
11122
02222
0
1210222202221110110101010
122220121212222
02022200110220110122
10122001102
00000000000000000000000000000000000000000000
1102121201022110
12101012110100201
000000000000000000
0011100210
000120000020122100122200
111220111101212
1022
22120102220012
02020122222
000000000000000000000000000000000
110201022211
1122012122102012001211
02111000012011122121
00000000
0121222112
10112012
2121221021102
2011111120210222
00000000000000000000000000000000000000000000000000000000000000
0020210122020121110001
11110000101012
0210212
2021011210021011101012
000000000000000
2110022010212200021110
21011201
100010011011011011022
2211022
021201220200201012201211
1201022
122011201
2001112000002102202201121
112002220021012
00000000000000000000000000000000000000000000000
01200010221010101
0012
0201011112220021112210210
0000000000000000000000000000000000000000000000000000000000
1101021211002
1111202
20112122110220211
1011222121201200211
2002000000020212022000
100112111222
212022222122
012000
012010010111102221200
00000
220211
00000000000000000000
0000000000000000
01120021201020111110
0000000
20010
11202001112011201021120
10010002
1100200
012
00000000000000
00212121001
000010112
201221200211
020020002220
211000000100
211112021122202121201221
120002010102012
1121112101
1220112022
12202222212
22222201101002020002120
1002102011020
021102
11110022010202111121002
1011011202121
020012010020
0000000000000000000000000000000000000000000000
20200112012220010122011
12202
021201110012200221211210
2111212020
020001210120122
121112211002
21001
20110222022212
10211021211001211120020
0101
221110220021201
0000000000000000000000000000000000000000000000000000000
12021122012012211
0020022
12111112
110101112022000221121222
00000000000000000000000
2022102
12120120000111111110
2101120102202220222
100112102021221111201200
100100211102011
0112021010110001121
0101110001012
01121022122121212101
0000000000000000000000000000000000000000000000000000000000000000000000000
2012001002
000000000
000000
21210012
111210122001002201
00222200
0210122022111202
222201200212011
0000000000000000000000000000000000000000000000000000000000000000000000
112000110110201
120
011120101022
20122201102211012201001
201202010212022210022101
10201210102201
2210021112022122220202220
21110200011001100122212
112000212021
01002110120
12022010010001011
10010021021102
11022012022020
0210210000111
00120
0000000000000000000000000000000000000000000000000000000000000000
11111000222
20002021
02222212002202020211112
110021010
00110020
0220001220121
210120022011201221
2000000221002012100
01010211022002111
2121201110
111112211212112102001012
02101002
00000000000000000000000000000000000000000000000000000000000000000
012022012212101
02021122011001
1101011122122112
1012200102002120110
000000000000000000000000000000000000000000000000000000000000000000000000000
000000000000000000000000000
00000000000000000000000000000000000000000000000000000000
2010201112101122121
011200212212112002001
000210201002201202000112
0000000000000000000000
1112111
101
000000000000000000000000000000000000000000000000000000
0211111210221202
000000000000000000000000000000
2120120100221
1010212201022212200200
00000000000000000000000000000000000000000000000000
0000000000000000000000000
11112210
0000000000000000000000000000
2021121021100202
2221020112110022012221
00000000000000000000000000000000000000000000000000000000000000000000
10011
0211002220201220010
2222
000
12102010000020001112
2001211012112101210110221
101000011200121112111100
202111102122100200
220002
10211002011
0000000000000000000000000000000000000000000000000
21021112212
201121210221202200
0001200111011
1120100020121
000000000000000000000000000000000000000000000
0022111100121
0200202212
10100
20121021021021202211122
10000020112
211012211121202200001
1222110122112211122200
101221120202
12100111120000002
12012
12120100210122
1021212222022012100000221
00121010120202221012012
2110112112110002201101100
00102010
22100222212
212211222202110
000000000000
000000000000000000000000
2122200221
0011122
202
2002222211000200110101110
22110220
2121
00000000000000000000000000
0202
0122220002112
22222210
2200022001
00111211201000
00000000000000000000000000000000000000000
1200112021021102
00000000000000000
0000000000000
0000000000000000000000000000000000000000000000000000000000000
10220122002022
22002200101021110201
0001222112120
111010111002002
02010222101121212
110000121021
20110020002012222020112
000000000000000000000000000000000000000000000000000000000000
0012202220222000212110
102120010200000021
0000000000000000000000000000000000000000000000000000000000000000000
0221110121
020020212110
200212110
000000000000000000000000000000000000000000000000000000000
0222200201110200012212101
00
1110010010
0200201
020121121222
00000000000000000000000000000000000000
1011211002101001110020002
1111212100222022
120012
002220000010101101
12101
21211111102022201122
101101101010011
021000021011211012
202120
2020210212122020
0102210110210101211221
0021222002212102
22100
211212112111222200212202
2110102200011222110112201
220200000200020
111200012210020
211220100011221100220110
20210210010220222210
200011200110102201011
2012112020101120
00000000000000000000000000000
1111222010
122220022211
0000000000000000000000000000000000
11200221220100
0020020100211110100202222
101122001211121000
2111011200010110210211
00000000000000000000000000000000
201002
000000000000000000000000000000000000
00121211021
01202212121000
012221
22111211
000221111220
000202000
1220221112201
0200121222
002002122002200011012
111000110110
00000000000000000000000000000000000000000000000000000000000000000000000000
212011011220022101111111
10000200210010022211220
2122101122200101
022100202102012001
0211221121020201001
000120
02211001210102200120212
11021
210010101
12
000000000000000000000000000000000000000000
00002002200
22011000112021
0211212012202220
12212020011211110102102
0111100201002
20101202102211112100001
22220220211
022121022220220
1021111111
2022210
000000000000000000000
000000000000000000000000000000000000000000000000000
20021002
000000000000000000000000000000000000000000000000000000000000000000000000
0000221
00021202220222022100
022210012201020
0000000000000000000000000000000000000000
22201020201200201100020
10020220210111001
122210
00000000000000000000000000000000000
202101210121222200100201
2011210101211011122
0102202122111
000000000000000000000000000000000000000000000000000000000000000000000
012221000012021102111011
10011101000212112000
2020
02012111002000220
02001102200000
120002201211011
12000
112200121021100110200020
1220200
2102
00000000000000000000000000000000000000000000000000000000000
010011001010211102100021
2011110100021011100
0202120000101101
202001002222221021012111
2201100
00000000000
100021110021102201000202
20101021002021202
02020
122011122220
1012020012
11112102
111022202220221
01100220020102101021
1020011
020101210
211222110220200110
11000221012020
001212
0000000000000000000000000000000000000000000000000000
1000112220122001
20120201021112
000000000000000000000000000000000000000
0000000000
1120001
121111
02201100
0122111011100
000000000000000000000000000000000000000000000000
210202020
212012000210102212
00000000000000000000000000000000000000000000000000000
0000000000000000000
2012111122102110
222012000202220
21220202102201
111201000010011
202221
0000000000000000000000000000000
000000000000000000000000000000000000000000000000000000000000000
01211110
